# SHIELDEVAL RAW v3
# SAMPLE=N03_connector
# FIXTURE=CONN
# LC=0.05
# DATE=2021-04-12
# CAL=cal_20210412.cal
# COLUMNS=f[Hz] a[dB] phase[deg]
1.000000e+05 68.26 -5.6
1.023293e+05 68.40 -6.1
1.047129e+05 68.31 -6.4
1.071519e+05 68.48 -6.2
1.096478e+05 68.39 -6.8
1.122018e+05 68.37 -7.1
1.148154e+05 68.53 -7.6
1.174898e+05 68.46 -7.2
1.202264e+05 68.42 -7.4
1.230269e+05 68.33 -7.9
1.258925e+05 68.49 -7.9
1.288250e+05 68.44 -7.8
1.318257e+05 68.52 -8.5
1.348963e+05 68.46 -7.7
1.380384e+05 68.38 -8.8
1.412538e+05 68.44 -8.9
1.445440e+05 68.62 -9.0
1.479108e+05 68.63 -8.4
1.513561e+05 68.65 -9.4
1.548817e+05 68.60 -9.9
1.584893e+05 68.65 -10.6
1.621810e+05 68.49 -10.2
1.659587e+05 68.60 -10.6
1.698244e+05 68.52 -10.1
1.737801e+05 68.65 -11.0
1.778279e+05 68.65 -11.3
1.819701e+05 68.70 -11.3
1.862087e+05 68.70 -11.4
1.905461e+05 68.69 -12.4
1.949845e+05 68.73 -12.3
1.995262e+05 68.81 -12.4
2.041738e+05 68.88 -12.3
2.089296e+05 68.84 -12.3
2.137962e+05 68.82 -12.8
2.187762e+05 68.85 -13.4
2.238721e+05 68.96 -14.2
2.290868e+05 68.90 -13.6
2.344229e+05 68.98 -15.0
2.398833e+05 69.10 -14.9
2.454709e+05 69.05 -14.8
2.511886e+05 69.16 -15.7
2.570396e+05 69.03 -16.0
2.630268e+05 69.15 -16.1
2.691535e+05 69.24 -16.8
2.754229e+05 69.26 -17.3
2.818383e+05 69.29 -17.3
2.884032e+05 69.36 -17.9
2.951209e+05 69.49 -17.0
3.019952e+05 69.33 -18.4
3.090295e+05 69.55 -18.3
3.162278e+05 69.57 -19.8
3.235937e+05 69.77 -19.3
3.311311e+05 69.67 -19.7
3.388442e+05 69.73 -20.5
3.467369e+05 69.77 -21.2
3.548134e+05 69.94 -21.7
3.630781e+05 69.85 -22.3
3.715352e+05 70.14 -22.2
3.801894e+05 70.18 -23.4
3.890451e+05 70.29 -22.5
3.981072e+05 70.39 -23.1
4.073803e+05 70.42 -23.6
4.168694e+05 70.40 -23.9
4.265795e+05 70.65 -24.8
4.365158e+05 70.62 -26.0
4.466836e+05 70.84 -26.0
4.570882e+05 71.07 -26.6
4.677351e+05 71.27 -27.3
4.786301e+05 71.36 -27.1
4.897788e+05 71.57 -28.0
5.011872e+05 71.68 -28.8
5.128614e+05 71.79 -29.0
5.248075e+05 72.05 -29.3
5.370318e+05 72.09 -30.1
5.495409e+05 72.49 -31.6
5.623413e+05 72.62 -32.2
5.754399e+05 72.53 -31.9
5.888437e+05 72.91 -32.7
6.025596e+05 73.24 -33.1
6.165950e+05 73.40 -34.2
6.309573e+05 73.89 -35.1
6.456542e+05 74.15 -35.9
6.606934e+05 74.34 -35.1
6.760830e+05 75.01 -36.4
6.918310e+05 75.14 -35.7
7.079458e+05 75.81 -37.5
7.244360e+05 75.77 -37.3
7.413102e+05 76.32 -38.0
7.585776e+05 76.93 -38.5
7.762471e+05 77.31 -39.4
7.943282e+05 78.17 -37.6
8.128305e+05 78.67 -41.3
8.317638e+05 79.65 -40.5
8.511380e+05 80.06 -41.6
8.709636e+05 80.89 -40.6
8.912509e+05 82.29 -41.2
9.120108e+05 83.33 -38.9
9.332543e+05 84.15 -36.6
9.549926e+05 86.97 -32.3
9.772372e+05 88.93 -31.2
1.000000e+06 93.30 -21.8
1.023293e+06 93.31 -20.2
1.047129e+06 98.36 38.1
1.071519e+06 94.04 83.5
1.096478e+06 90.82 102.8
1.122018e+06 89.35 102.8
1.148154e+06 86.65 110.6
1.174898e+06 84.67 111.9
1.202264e+06 82.47 113.0
1.230269e+06 81.39 116.0
1.258925e+06 80.18 113.9
1.288250e+06 78.86 113.2
1.318257e+06 78.02 114.9
1.348963e+06 77.07 114.5
1.380384e+06 76.35 113.8
1.412538e+06 75.31 112.9
1.445440e+06 74.89 111.7
1.479108e+06 74.13 110.7
1.513561e+06 73.47 111.9
1.548817e+06 72.81 111.4
1.584893e+06 72.29 110.0
1.621810e+06 71.79 109.9
1.659587e+06 71.26 109.4
1.698244e+06 70.86 109.2
1.737801e+06 70.33 108.0
1.778279e+06 69.88 107.7
1.819701e+06 69.43 107.1
1.862087e+06 69.15 106.7
1.905461e+06 68.58 107.0
1.949845e+06 68.27 105.5
1.995262e+06 67.94 105.0
2.041738e+06 67.55 104.6
2.089296e+06 67.15 104.1
2.137962e+06 66.79 103.8
2.187762e+06 66.43 103.3
2.238721e+06 66.21 102.4
2.290868e+06 65.90 102.2
2.344229e+06 65.60 100.9
2.398833e+06 65.24 100.5
2.454709e+06 64.97 100.2
2.511886e+06 64.74 99.5
2.570396e+06 64.42 99.1
2.630268e+06 64.16 98.8
2.691535e+06 63.90 97.9
2.754229e+06 63.64 97.7
2.818383e+06 63.41 97.3
2.884032e+06 63.16 96.8
2.951209e+06 62.86 96.3
3.019952e+06 62.67 95.9
3.090295e+06 62.42 95.7
3.162278e+06 62.23 95.3
3.235937e+06 62.01 94.7
3.311311e+06 61.79 94.4
3.388442e+06 61.52 94.0
3.467369e+06 61.31 93.9
3.548134e+06 61.09 93.4
3.630781e+06 60.87 93.2
3.715352e+06 60.69 92.8
3.801894e+06 60.49 92.4
3.890451e+06 60.29 92.2
3.981072e+06 60.08 91.9
4.073803e+06 59.87 91.6
4.168694e+06 59.67 91.3
4.265795e+06 59.46 91.2
4.365158e+06 59.30 91.0
4.466836e+06 59.09 90.8
4.570882e+06 58.94 90.6
4.677351e+06 58.71 90.2
4.786301e+06 58.49 90.0
4.897788e+06 58.33 90.0
5.011872e+06 58.12 90.0
5.128614e+06 57.91 89.7
5.248075e+06 57.72 89.6
5.370318e+06 57.56 89.7
5.495409e+06 57.38 89.4
5.623413e+06 57.18 89.1
5.754399e+06 57.00 89.2
5.888437e+06 56.81 89.2
6.025596e+06 56.63 89.1
6.165950e+06 56.43 89.2
6.309573e+06 56.24 89.0
6.456542e+06 56.06 88.9
6.606934e+06 55.87 88.9
6.760830e+06 55.67 88.8
6.918310e+06 55.48 88.8
7.079458e+06 55.29 88.7
7.244360e+06 55.11 88.7
7.413102e+06 54.93 88.7
7.585776e+06 54.73 88.7
7.762471e+06 54.56 88.8
7.943282e+06 54.35 88.6
8.128305e+06 54.15 88.5
8.317638e+06 53.95 88.5
8.511380e+06 53.77 88.5
8.709636e+06 53.58 88.6
8.912509e+06 53.36 88.5
9.120108e+06 53.17 88.4
9.332543e+06 52.98 88.5
9.549926e+06 52.78 88.5
9.772372e+06 52.58 88.4
1.000000e+07 52.39 88.3
1.023293e+07 52.19 88.4
1.047129e+07 51.99 88.3
1.071519e+07 51.79 88.4
1.096478e+07 51.59 88.3
1.122018e+07 51.39 88.3
1.148154e+07 51.19 88.3
1.174898e+07 51.00 88.3
1.202264e+07 50.81 88.2
1.230269e+07 50.60 88.2
1.258925e+07 50.40 88.2
1.288250e+07 50.20 88.2
1.318257e+07 50.01 88.2
1.348963e+07 49.79 88.1
1.380384e+07 49.59 88.0
1.412538e+07 49.40 88.0
1.445440e+07 49.21 88.0
1.479108e+07 49.01 87.9
1.513561e+07 48.80 87.8
1.548817e+07 48.61 87.8
1.584893e+07 48.40 87.8
1.621810e+07 48.21 87.7
1.659587e+07 48.01 87.7
1.698244e+07 47.81 87.6
1.737801e+07 47.61 87.6
1.778279e+07 47.41 87.5
1.819701e+07 47.21 87.4
1.862087e+07 47.02 87.3
1.905461e+07 46.82 87.3
1.949845e+07 46.62 87.2
1.995262e+07 46.42 87.2
2.041738e+07 46.22 87.1
2.089296e+07 46.02 87.1
2.137962e+07 45.82 86.9
2.187762e+07 45.63 86.9
2.238721e+07 45.42 86.8
2.290868e+07 45.23 86.7
2.344229e+07 45.03 86.7
2.398833e+07 44.83 86.6
2.454709e+07 44.63 86.5
2.511886e+07 44.44 86.4
2.570396e+07 44.23 86.4
2.630268e+07 44.04 86.3
2.691535e+07 43.84 86.2
2.754229e+07 43.65 86.1
2.818383e+07 43.44 86.0
2.884032e+07 43.25 85.9
2.951209e+07 43.05 85.8
3.019952e+07 42.86 85.7
3.090295e+07 42.65 85.6
3.162278e+07 42.45 85.5
3.235937e+07 42.26 85.4
3.311311e+07 42.06 85.3
3.388442e+07 41.86 85.2
3.467369e+07 41.66 85.1
3.548134e+07 41.46 85.0
3.630781e+07 41.27 84.9
3.715352e+07 41.07 84.8
3.801894e+07 40.88 84.6
3.890451e+07 40.68 84.5
3.981072e+07 40.48 84.4
4.073803e+07 40.28 84.2
4.168694e+07 40.09 84.1
4.265795e+07 39.89 83.9
4.365158e+07 39.69 83.8
4.466836e+07 39.50 83.7
4.570882e+07 39.30 83.5
4.677351e+07 39.10 83.4
4.786301e+07 38.90 83.2
4.897788e+07 38.70 83.1
5.011872e+07 38.51 82.9
5.128614e+07 38.31 82.8
5.248075e+07 38.12 82.6
5.370318e+07 37.92 82.4
5.495409e+07 37.72 82.2
5.623413e+07 37.53 82.0
5.754399e+07 37.33 81.9
5.888437e+07 37.13 81.7
6.025596e+07 36.94 81.5
6.165950e+07 36.75 81.3
6.309573e+07 36.55 81.1
6.456542e+07 36.35 80.9
6.606934e+07 36.15 80.7
6.760830e+07 35.96 80.5
6.918310e+07 35.76 80.2
7.079458e+07 35.57 80.0
7.244360e+07 35.38 79.8
7.413102e+07 35.18 79.5
7.585776e+07 34.98 79.3
7.762471e+07 34.79 79.0
7.943282e+07 34.60 78.8
8.128305e+07 34.40 78.5
8.317638e+07 34.21 78.2
8.511380e+07 34.01 78.0
8.709636e+07 33.82 77.7
8.912509e+07 33.63 77.4
9.120108e+07 33.43 77.1
9.332543e+07 33.24 76.8
9.549926e+07 33.05 76.5
9.772372e+07 32.85 76.2
1.000000e+08 32.66 75.9
1.023293e+08 32.47 75.6
1.047129e+08 32.28 75.2
1.071519e+08 32.09 74.9
1.096478e+08 31.89 74.5
1.122018e+08 31.70 74.2
1.148154e+08 31.51 73.8
1.174898e+08 31.32 73.5
1.202264e+08 31.13 73.1
1.230269e+08 30.94 72.7
1.258925e+08 30.75 72.3
1.288250e+08 30.56 71.9
1.318257e+08 30.37 71.5
1.348963e+08 30.18 71.0
1.380384e+08 30.00 70.6
1.412538e+08 29.81 70.1
1.445440e+08 29.62 69.7
1.479108e+08 29.43 69.2
1.513561e+08 29.25 68.8
1.548817e+08 29.06 68.3
1.584893e+08 28.88 67.8
1.621810e+08 28.69 67.3
1.659587e+08 28.51 66.7
1.698244e+08 28.32 66.2
1.737801e+08 28.14 65.7
1.778279e+08 27.96 65.1
1.819701e+08 27.78 64.5
1.862087e+08 27.59 64.0
1.905461e+08 27.41 63.4
1.949845e+08 27.23 62.8
1.995262e+08 27.06 62.2
2.041738e+08 26.88 61.5
2.089296e+08 26.70 60.9
2.137962e+08 26.52 60.2
2.187762e+08 26.35 59.5
2.238721e+08 26.17 58.9
2.290868e+08 26.00 58.2
2.344229e+08 25.83 57.4
2.398833e+08 25.65 56.7
2.454709e+08 25.48 56.0
2.511886e+08 25.31 55.2
2.570396e+08 25.14 54.4
2.630268e+08 24.98 53.6
2.691535e+08 24.81 52.8
2.754229e+08 24.65 52.0
2.818383e+08 24.48 51.1
2.884032e+08 24.32 50.3
2.951209e+08 24.16 49.4
3.019952e+08 24.00 48.5
3.090295e+08 23.84 47.6
3.162278e+08 23.69 46.7
3.235937e+08 23.53 45.7
3.311311e+08 23.38 44.8
3.388442e+08 23.23 43.8
3.467369e+08 23.08 42.8
3.548134e+08 22.93 41.7
3.630781e+08 22.78 40.7
3.715352e+08 22.64 39.6
3.801894e+08 22.49 38.5
3.890451e+08 22.35 37.4
3.981072e+08 22.22 36.3
4.073803e+08 22.08 35.2
4.168694e+08 21.95 34.0
4.265795e+08 21.81 32.8
4.365158e+08 21.68 31.6
4.466836e+08 21.56 30.4
4.570882e+08 21.43 29.1
4.677351e+08 21.31 27.8
4.786301e+08 21.19 26.5
4.897788e+08 21.07 25.2
5.011872e+08 20.96 23.9
5.128614e+08 20.85 22.5
5.248075e+08 20.74 21.1
5.370318e+08 20.63 19.7
5.495409e+08 20.53 18.2
5.623413e+08 20.43 16.8
5.754399e+08 20.33 15.3
5.888437e+08 20.24 13.8
6.025596e+08 20.15 12.2
6.165950e+08 20.06 10.6
6.309573e+08 19.98 9.0
6.456542e+08 19.89 7.4
6.606934e+08 19.82 5.7
6.760830e+08 19.74 4.0
6.918310e+08 19.67 2.3
7.079458e+08 19.60 0.6
7.244360e+08 19.54 -1.2
7.413102e+08 19.48 -3.0
7.585776e+08 19.42 -4.9
7.762471e+08 19.37 -6.8
7.943282e+08 19.32 -8.7
8.128305e+08 19.27 -10.7
8.317638e+08 19.23 -12.7
8.511380e+08 19.19 -14.7
8.709636e+08 19.15 -16.8
8.912509e+08 19.12 -19.0
9.120108e+08 19.09 -21.2
9.332543e+08 19.07 -23.4
9.549926e+08 19.05 -25.7
9.772372e+08 19.04 -28.0
1.000000e+09 19.02 -30.4
