# SHIELDEVAL RAW v3
# SAMPLE=S05_thin_strands
# FIXTURE=TUBE500
# LC=0.5
# DATE=2021-04-12
# CAL=cal_20210412.cal
# COLUMNS=f[Hz] a[dB] phase[deg]
1.000000e+05 78.65 0.1
1.023293e+05 78.65 0.6
1.047129e+05 78.85 0.9
1.071519e+05 78.74 -2.2
1.096478e+05 78.74 1.5
1.122018e+05 78.74 -1.6
1.148154e+05 78.38 -2.1
1.174898e+05 78.80 0.7
1.202264e+05 78.80 0.4
1.230269e+05 78.83 -0.7
1.258925e+05 78.58 0.4
1.288250e+05 78.83 0.1
1.318257e+05 78.77 -0.3
1.348963e+05 78.61 -1.9
1.380384e+05 78.63 -1.1
1.412538e+05 78.93 -0.7
1.445440e+05 78.46 0.6
1.479108e+05 78.72 1.0
1.513561e+05 78.61 -0.9
1.548817e+05 78.71 -1.5
1.584893e+05 78.48 -1.6
1.621810e+05 78.83 0.2
1.659587e+05 78.88 -1.6
1.698244e+05 78.70 1.5
1.737801e+05 78.55 -0.7
1.778279e+05 78.78 -0.7
1.819701e+05 78.63 -0.2
1.862087e+05 78.52 -0.9
1.905461e+05 79.02 -2.0
1.949845e+05 78.56 -0.9
1.995262e+05 78.60 -0.5
2.041738e+05 78.87 -1.6
2.089296e+05 78.80 -1.3
2.137962e+05 78.88 -1.1
2.187762e+05 78.65 -3.1
2.238721e+05 78.91 -2.0
2.290868e+05 78.70 -1.3
2.344229e+05 78.57 -2.4
2.398833e+05 79.12 -0.7
2.454709e+05 78.75 -0.6
2.511886e+05 78.82 -3.8
2.570396e+05 78.91 -2.0
2.630268e+05 78.76 -0.8
2.691535e+05 78.86 -1.7
2.754229e+05 79.11 -0.9
2.818383e+05 78.95 -0.8
2.884032e+05 78.85 -3.2
2.951209e+05 78.99 -1.2
3.019952e+05 79.09 -2.6
3.090295e+05 78.44 -4.0
3.162278e+05 78.64 -1.0
3.235937e+05 78.66 -2.5
3.311311e+05 78.88 -1.8
3.388442e+05 79.27 -1.0
3.467369e+05 78.97 -0.6
3.548134e+05 78.83 -2.1
3.630781e+05 79.00 -2.9
3.715352e+05 79.04 -2.6
3.801894e+05 78.89 -0.7
3.890451e+05 78.60 -2.3
3.981072e+05 78.92 0.0
4.073803e+05 78.96 -0.3
4.168694e+05 79.11 -2.9
4.265795e+05 78.74 -0.0
4.365158e+05 78.94 -2.8
4.466836e+05 79.02 -2.3
4.570882e+05 79.08 -2.3
4.677351e+05 79.13 -3.5
4.786301e+05 79.01 -2.2
4.897788e+05 78.72 -1.6
5.011872e+05 79.08 0.2
5.128614e+05 79.01 -0.9
5.248075e+05 79.24 -3.2
5.370318e+05 79.08 -2.2
5.495409e+05 79.41 -1.3
5.623413e+05 78.92 -2.7
5.754399e+05 79.28 -3.7
5.888437e+05 79.12 -2.9
6.025596e+05 79.20 -4.1
6.165950e+05 79.01 -2.7
6.309573e+05 79.17 -3.5
6.456542e+05 79.21 -1.5
6.606934e+05 79.63 -3.4
6.760830e+05 79.56 -4.6
6.918310e+05 79.62 -2.3
7.079458e+05 79.63 -3.5
7.244360e+05 79.64 -4.3
7.413102e+05 79.37 -2.8
7.585776e+05 79.57 -4.2
7.762471e+05 79.58 -5.4
7.943282e+05 79.81 -4.9
8.128305e+05 79.89 -2.0
8.317638e+05 80.02 -1.6
8.511380e+05 79.59 -3.8
8.709636e+05 79.83 -2.9
8.912509e+05 79.73 -5.5
9.120108e+05 79.92 -2.3
9.332543e+05 80.19 -3.7
9.549926e+05 80.09 -2.6
9.772372e+05 80.56 -3.9
1.000000e+06 80.06 -3.3
1.023293e+06 80.24 -5.4
1.047129e+06 80.30 -2.6
1.071519e+06 80.39 -3.8
1.096478e+06 80.37 -2.6
1.122018e+06 80.64 -0.7
1.148154e+06 80.62 -6.2
1.174898e+06 80.91 -1.2
1.202264e+06 80.91 -2.0
1.230269e+06 80.88 -1.9
1.258925e+06 80.86 -0.8
1.288250e+06 81.24 -2.6
1.318257e+06 81.57 -4.6
1.348963e+06 81.82 -2.4
1.380384e+06 81.57 -1.6
1.412538e+06 81.79 -4.4
1.445440e+06 81.64 0.6
1.479108e+06 81.53 1.0
1.513561e+06 82.25 -1.2
1.548817e+06 81.88 1.3
1.584893e+06 82.06 2.0
1.621810e+06 82.78 2.8
1.659587e+06 82.81 3.5
1.698244e+06 82.64 6.1
1.737801e+06 83.26 5.9
1.778279e+06 83.42 10.5
1.819701e+06 83.17 7.9
1.862087e+06 83.69 11.7
1.905461e+06 83.88 13.5
1.949845e+06 83.84 8.8
1.995262e+06 84.08 14.3
2.041738e+06 84.20 16.6
2.089296e+06 83.98 18.2
2.137962e+06 84.18 20.2
2.187762e+06 85.13 26.9
2.238721e+06 84.48 26.3
2.290868e+06 85.03 27.7
2.344229e+06 84.74 33.2
2.398833e+06 84.90 33.0
2.454709e+06 84.53 36.0
2.511886e+06 84.97 38.9
2.570396e+06 85.33 42.4
2.630268e+06 85.03 45.4
2.691535e+06 84.58 56.0
2.754229e+06 84.17 54.7
2.818383e+06 84.36 56.7
2.884032e+06 83.90 63.8
2.951209e+06 84.06 65.6
3.019952e+06 83.63 68.4
3.090295e+06 83.44 69.4
3.162278e+06 82.56 70.3
3.235937e+06 81.98 74.1
3.311311e+06 81.17 77.4
3.388442e+06 81.36 77.6
3.467369e+06 80.74 77.2
3.548134e+06 80.36 80.7
3.630781e+06 79.85 82.7
3.715352e+06 79.65 79.8
3.801894e+06 79.38 84.4
3.890451e+06 78.60 84.0
3.981072e+06 78.54 84.1
4.073803e+06 77.86 85.7
4.168694e+06 77.62 86.5
4.265795e+06 77.14 85.6
4.365158e+06 76.71 87.0
4.466836e+06 76.62 86.8
4.570882e+06 75.76 87.7
4.677351e+06 75.82 86.4
4.786301e+06 75.44 88.5
4.897788e+06 74.90 88.8
5.011872e+06 74.96 88.4
5.128614e+06 74.37 87.9
5.248075e+06 73.93 88.0
5.370318e+06 73.66 87.6
5.495409e+06 73.32 87.9
5.623413e+06 73.02 87.0
5.754399e+06 72.72 87.9
5.888437e+06 72.42 87.5
6.025596e+06 71.94 86.8
6.165950e+06 71.76 86.7
6.309573e+06 71.60 86.3
6.456542e+06 71.26 85.9
6.606934e+06 70.90 85.6
6.760830e+06 70.59 84.8
6.918310e+06 70.50 84.2
7.079458e+06 70.15 83.6
7.244360e+06 70.04 83.5
7.413102e+06 69.68 83.5
7.585776e+06 69.29 83.3
7.762471e+06 69.10 82.8
7.943282e+06 68.92 82.4
8.128305e+06 68.70 81.2
8.317638e+06 68.40 80.4
8.511380e+06 68.17 80.5
8.709636e+06 67.93 79.9
8.912509e+06 67.70 80.1
9.120108e+06 67.48 78.9
9.332543e+06 67.35 78.5
9.549926e+06 67.08 77.8
9.772372e+06 66.85 77.5
1.000000e+07 66.67 76.9
1.023293e+07 66.35 76.5
1.047129e+07 66.24 75.8
1.071519e+07 65.94 74.7
1.096478e+07 65.76 74.4
1.122018e+07 65.58 74.3
1.148154e+07 65.37 73.5
1.174898e+07 65.20 72.8
1.202264e+07 64.95 71.8
1.230269e+07 64.77 72.1
1.258925e+07 64.61 70.9
1.288250e+07 64.34 70.4
1.318257e+07 64.20 69.4
1.348963e+07 63.97 69.0
1.380384e+07 63.83 68.7
1.412538e+07 63.61 68.4
1.445440e+07 63.42 67.7
1.479108e+07 63.24 67.0
1.513561e+07 63.04 66.3
1.548817e+07 62.93 65.6
1.584893e+07 62.83 64.8
1.621810e+07 62.59 64.0
1.659587e+07 62.41 63.4
1.698244e+07 62.19 63.0
1.737801e+07 62.02 62.3
1.778279e+07 61.89 61.5
1.819701e+07 61.69 61.0
1.862087e+07 61.50 59.8
1.905461e+07 61.37 59.4
1.949845e+07 61.19 58.8
1.995262e+07 61.03 57.7
2.041738e+07 60.84 57.3
2.089296e+07 60.67 56.5
2.137962e+07 60.50 56.0
2.187762e+07 60.35 55.1
2.238721e+07 60.21 54.4
2.290868e+07 60.01 53.5
2.344229e+07 59.86 52.4
2.398833e+07 59.72 51.8
2.454709e+07 59.58 50.8
2.511886e+07 59.41 50.0
2.570396e+07 59.24 49.2
2.630268e+07 59.10 48.6
2.691535e+07 58.94 47.7
2.754229e+07 58.79 46.8
2.818383e+07 58.65 45.6
2.884032e+07 58.53 44.9
2.951209e+07 58.38 43.8
3.019952e+07 58.25 42.8
3.090295e+07 58.07 42.0
3.162278e+07 57.96 40.8
3.235937e+07 57.80 40.0
3.311311e+07 57.66 38.8
3.388442e+07 57.55 37.9
3.467369e+07 57.37 36.8
3.548134e+07 57.28 35.7
3.630781e+07 57.14 34.7
3.715352e+07 57.05 33.6
3.801894e+07 56.90 32.5
3.890451e+07 56.80 31.4
3.981072e+07 56.68 30.3
4.073803e+07 56.55 28.9
4.168694e+07 56.44 27.8
4.265795e+07 56.34 26.7
4.365158e+07 56.24 25.4
4.466836e+07 56.10 24.1
4.570882e+07 56.01 22.9
4.677351e+07 55.90 21.5
4.786301e+07 55.80 20.2
4.897788e+07 55.70 18.9
5.011872e+07 55.65 17.6
5.128614e+07 55.57 16.4
5.248075e+07 55.44 14.9
5.370318e+07 55.38 13.6
5.495409e+07 55.28 12.0
5.623413e+07 55.21 10.5
5.754399e+07 55.14 9.2
5.888437e+07 55.07 7.7
6.025596e+07 55.01 6.3
6.165950e+07 54.93 4.6
6.309573e+07 54.87 3.1
6.456542e+07 54.81 1.5
6.606934e+07 54.74 -0.0
6.760830e+07 54.71 -1.6
6.918310e+07 54.65 -3.1
7.079458e+07 54.59 -5.0
7.244360e+07 54.57 -6.6
7.413102e+07 54.53 -8.4
7.585776e+07 54.50 -10.2
7.762471e+07 54.47 -11.9
7.943282e+07 54.45 -13.6
8.128305e+07 54.39 -15.5
8.317638e+07 54.36 -17.4
8.511380e+07 54.35 -19.4
8.709636e+07 54.34 -21.3
8.912509e+07 54.34 -23.2
9.120108e+07 54.31 -25.4
9.332543e+07 54.30 -27.6
9.549926e+07 54.30 -29.6
9.772372e+07 54.30 -31.8
1.000000e+08 54.29 -34.0
1.023293e+08 54.29 -36.3
1.047129e+08 54.32 -38.6
1.071519e+08 54.33 -41.1
1.096478e+08 54.34 -43.5
1.122018e+08 54.36 -46.0
1.148154e+08 54.37 -48.6
1.174898e+08 54.40 -51.5
1.202264e+08 54.41 -54.1
1.230269e+08 54.44 -57.2
1.258925e+08 54.48 -60.2
1.288250e+08 54.49 -63.3
1.318257e+08 54.53 -66.6
1.348963e+08 54.57 -69.9
1.380384e+08 54.58 -73.4
1.412538e+08 54.63 -77.1
1.445440e+08 54.64 -80.9
1.479108e+08 54.65 -84.9
1.513561e+08 54.64 -89.0
1.548817e+08 54.66 -93.3
1.584893e+08 54.65 -98.0
1.621810e+08 54.63 -102.9
1.659587e+08 54.58 -107.8
1.698244e+08 54.50 -113.1
1.737801e+08 54.44 -118.5
1.778279e+08 54.30 -124.1
1.819701e+08 54.17 -130.0
1.862087e+08 53.98 -136.2
1.905461e+08 53.78 -142.6
1.949845e+08 53.51 -149.3
1.995262e+08 53.22 -156.0
2.041738e+08 52.83 -163.0
2.089296e+08 52.45 -170.1
2.137962e+08 51.99 -177.4
2.187762e+08 51.48 175.1
2.238721e+08 50.92 167.5
2.290868e+08 50.32 159.8
2.344229e+08 49.67 151.8
2.398833e+08 49.00 143.8
2.454709e+08 48.29 135.4
2.511886e+08 47.56 126.7
2.570396e+08 46.82 117.7
2.630268e+08 46.07 108.2
2.691535e+08 45.34 98.1
2.754229e+08 44.65 87.6
2.818383e+08 44.01 76.4
2.884032e+08 43.47 64.6
2.951209e+08 43.04 52.4
3.019952e+08 42.77 39.7
3.090295e+08 42.64 26.9
3.162278e+08 42.69 14.2
3.235937e+08 42.86 1.8
3.311311e+08 43.16 -10.1
3.388442e+08 43.54 -21.6
3.467369e+08 43.98 -32.6
3.548134e+08 44.47 -43.3
3.630781e+08 44.97 -53.6
3.715352e+08 45.47 -63.8
3.801894e+08 45.97 -73.9
3.890451e+08 46.47 -84.0
3.981072e+08 46.93 -94.3
4.073803e+08 47.35 -104.8
4.168694e+08 47.71 -115.7
4.265795e+08 48.00 -126.9
4.365158e+08 48.22 -138.7
4.466836e+08 48.33 -150.9
4.570882e+08 48.32 -163.6
4.677351e+08 48.17 -176.6
4.786301e+08 47.86 169.9
4.897788e+08 47.40 156.1
5.011872e+08 46.79 142.1
5.128614e+08 46.04 127.7
5.248075e+08 45.17 112.8
5.370318e+08 44.19 97.1
5.495409e+08 43.13 80.2
5.623413e+08 42.08 61.7
5.754399e+08 41.14 40.9
5.888437e+08 40.49 17.7
6.025596e+08 40.36 -7.3
6.165950e+08 40.83 -32.5
6.309573e+08 41.78 -56.4
6.456542e+08 43.03 -78.4
6.606934e+08 44.37 -99.1
6.760830e+08 45.67 -118.9
6.918310e+08 46.85 -138.7
7.079458e+08 47.83 -158.6
7.244360e+08 48.55 -179.2
7.413102e+08 48.89 159.9
7.585776e+08 48.90 138.9
7.762471e+08 48.59 118.2
7.943282e+08 47.95 97.5
8.128305e+08 47.11 76.7
8.317638e+08 46.12 55.0
8.511380e+08 45.06 30.8
8.709636e+08 44.17 2.3
8.912509e+08 43.96 -31.7
9.120108e+08 45.08 -69.2
9.332543e+08 47.47 -105.4
9.549926e+08 50.51 -139.4
9.772372e+08 53.55 -173.3
1.000000e+09 55.93 150.9
