# SHIELDEVAL RAW v3
# SAMPLE=S06_double_braid
# FIXTURE=TUBE500
# LC=0.5
# DATE=2021-04-12
# CAL=cal_20210412.cal
# COLUMNS=f[Hz] a[dB] phase[deg]
1.000000e+05 94.53 -3.6
1.023293e+05 93.27 3.7
1.047129e+05 92.37 -14.7
1.071519e+05 94.56 0.7
1.096478e+05 94.70 -6.9
1.122018e+05 93.47 -4.2
1.148154e+05 94.42 -6.2
1.174898e+05 93.55 -12.1
1.202264e+05 92.83 -12.4
1.230269e+05 93.99 3.7
1.258925e+05 93.11 -17.5
1.288250e+05 97.14 -15.2
1.318257e+05 93.58 -1.7
1.348963e+05 94.56 -13.3
1.380384e+05 95.59 -8.6
1.412538e+05 94.60 -12.8
1.445440e+05 95.43 -21.0
1.479108e+05 95.85 -11.6
1.513561e+05 96.75 -18.3
1.548817e+05 94.92 -19.7
1.584893e+05 96.15 -12.1
1.621810e+05 95.19 -19.0
1.659587e+05 93.76 -12.7
1.698244e+05 94.28 -19.0
1.737801e+05 96.28 -7.6
1.778279e+05 94.27 -10.0
1.819701e+05 93.64 -13.6
1.862087e+05 94.45 -18.5
1.905461e+05 94.44 -19.4
1.949845e+05 94.59 -19.9
1.995262e+05 95.18 -27.6
2.041738e+05 93.90 -8.3
2.089296e+05 93.83 -23.9
2.137962e+05 94.97 -14.6
2.187762e+05 94.95 -15.1
2.238721e+05 94.67 -23.4
2.290868e+05 93.24 -19.3
2.344229e+05 94.31 -31.3
2.398833e+05 96.33 -30.3
2.454709e+05 94.29 -26.9
2.511886e+05 94.15 -16.6
2.570396e+05 93.81 -26.8
2.630268e+05 94.79 -30.4
2.691535e+05 96.84 -27.2
2.754229e+05 92.31 -29.9
2.818383e+05 95.32 -35.3
2.884032e+05 95.18 -20.0
2.951209e+05 94.89 -30.2
3.019952e+05 95.95 -26.2
3.090295e+05 93.39 -46.8
3.162278e+05 95.47 -39.7
3.235937e+05 95.66 -36.6
3.311311e+05 94.47 -42.4
3.388442e+05 95.59 -28.2
3.467369e+05 92.34 -33.1
3.548134e+05 95.48 -42.8
3.630781e+05 94.22 -29.6
3.715352e+05 95.07 -35.6
3.801894e+05 95.26 -40.7
3.890451e+05 95.55 -50.7
3.981072e+05 95.32 -38.6
4.073803e+05 95.41 -49.7
4.168694e+05 95.92 -30.9
4.265795e+05 94.77 -41.6
4.365158e+05 95.39 -54.4
4.466836e+05 95.06 -32.1
4.570882e+05 96.93 -34.2
4.677351e+05 95.72 -42.9
4.786301e+05 94.82 -47.3
4.897788e+05 94.45 -56.1
5.011872e+05 94.27 -45.7
5.128614e+05 94.87 -36.2
5.248075e+05 95.99 -45.8
5.370318e+05 93.59 -53.3
5.495409e+05 94.43 -40.7
5.623413e+05 93.87 -55.7
5.754399e+05 96.60 -52.2
5.888437e+05 96.34 -38.3
6.025596e+05 95.59 -56.2
6.165950e+05 97.26 -53.4
6.309573e+05 96.26 -71.0
6.456542e+05 95.84 -59.3
6.606934e+05 97.75 -64.2
6.760830e+05 97.21 -55.8
6.918310e+05 96.70 -82.0
7.079458e+05 98.93 -70.7
7.244360e+05 95.67 -55.4
7.413102e+05 92.94 -64.8
7.585776e+05 97.27 -63.5
7.762471e+05 97.54 -65.5
7.943282e+05 94.02 -92.2
8.128305e+05 96.69 -69.5
8.317638e+05 98.62 -79.5
8.511380e+05 97.85 -97.4
8.709636e+05 96.63 -87.8
8.912509e+05 96.49 -89.8
9.120108e+05 97.56 -74.2
9.332543e+05 97.39 -80.9
9.549926e+05 97.78 -58.3
9.772372e+05 98.10 -69.4
1.000000e+06 101.22 -84.4
1.023293e+06 97.60 -83.1
1.047129e+06 99.23 -104.7
1.071519e+06 99.58 -81.1
1.096478e+06 98.94 -97.1
1.122018e+06 100.60 -93.4
1.148154e+06 96.87 -91.8
1.174898e+06 98.86 -97.1
1.202264e+06 103.55 -114.5
1.230269e+06 101.24 -92.8
1.258925e+06 100.33 -93.9
1.288250e+06 99.19 -139.9
1.318257e+06 99.66 -114.5
1.348963e+06 98.51 -107.7
1.380384e+06 100.54 -120.4
1.412538e+06 102.97 -117.6
1.445440e+06 101.02 -102.5
1.479108e+06 105.12 -132.5
1.513561e+06 101.78 -124.5
1.548817e+06 102.70 -106.3
1.584893e+06 101.16 -115.1
1.621810e+06 107.24 -157.5
1.659587e+06 123.12 -96.0
1.698244e+06 101.38 -106.4
1.737801e+06 100.94 -143.9
1.778279e+06 103.34 -107.2
1.819701e+06 103.03 -164.6
1.862087e+06 103.90 -137.7
1.905461e+06 100.31 -170.2
1.949845e+06 106.41 -129.9
1.995262e+06 99.42 -151.1
2.041738e+06 106.94 170.0
2.089296e+06 113.62 -108.7
2.137962e+06 106.51 -149.6
2.187762e+06 103.80 -146.4
2.238721e+06 102.20 -175.5
2.290868e+06 103.95 164.7
2.344229e+06 108.85 -159.2
2.398833e+06 98.66 156.0
2.454709e+06 101.27 154.4
2.511886e+06 111.96 163.5
2.570396e+06 103.70 162.1
2.630268e+06 112.06 176.7
2.691535e+06 107.35 144.6
2.754229e+06 103.17 -171.8
2.818383e+06 105.91 -173.6
2.884032e+06 102.58 100.3
2.951209e+06 104.70 151.7
3.019952e+06 104.28 134.5
3.090295e+06 110.64 161.6
3.162278e+06 103.85 142.7
3.235937e+06 105.82 147.4
3.311311e+06 111.19 -147.1
3.388442e+06 106.73 143.9
3.467369e+06 106.66 131.7
3.548134e+06 108.84 112.5
3.630781e+06 103.90 76.2
3.715352e+06 104.75 116.0
3.801894e+06 108.81 166.8
3.890451e+06 105.38 26.9
3.981072e+06 108.45 82.4
4.073803e+06 102.73 143.6
4.168694e+06 106.26 119.9
4.265795e+06 105.95 166.0
4.365158e+06 106.26 80.5
4.466836e+06 106.02 133.4
4.570882e+06 115.10 -163.2
4.677351e+06 109.17 -11.7
4.786301e+06 113.98 150.2
4.897788e+06 112.12 91.7
5.011872e+06 115.62 57.2
5.128614e+06 109.52 40.5
5.248075e+06 110.25 25.6
5.370318e+06 105.85 39.7
5.495409e+06 104.91 99.3
5.623413e+06 104.88 72.5
5.754399e+06 109.73 168.0
5.888437e+06 103.84 82.4
6.025596e+06 102.33 86.4
6.165950e+06 104.74 29.5
6.309573e+06 101.23 78.1
6.456542e+06 106.64 86.5
6.606934e+06 114.01 80.3
6.760830e+06 102.01 96.2
6.918310e+06 107.50 88.3
7.079458e+06 109.10 94.7
7.244360e+06 100.93 81.7
7.413102e+06 102.01 89.8
7.585776e+06 107.37 70.1
7.762471e+06 106.03 40.1
7.943282e+06 106.27 103.6
8.128305e+06 105.56 92.9
8.317638e+06 103.15 101.8
8.511380e+06 104.03 -6.6
8.709636e+06 102.01 46.7
8.912509e+06 104.11 63.4
9.120108e+06 106.53 67.6
9.332543e+06 104.97 94.8
9.549926e+06 101.98 59.3
9.772372e+06 111.18 43.4
1.000000e+07 108.61 41.1
1.023293e+07 105.05 68.0
1.047129e+07 103.26 132.6
1.071519e+07 104.71 108.4
1.096478e+07 103.54 82.7
1.122018e+07 99.11 72.5
1.148154e+07 105.86 91.5
1.174898e+07 102.83 68.4
1.202264e+07 101.54 79.5
1.230269e+07 105.00 91.3
1.258925e+07 103.29 54.6
1.288250e+07 102.69 90.0
1.318257e+07 102.23 91.5
1.348963e+07 101.49 37.5
1.380384e+07 99.70 52.4
1.412538e+07 101.06 65.4
1.445440e+07 100.07 53.3
1.479108e+07 100.20 78.9
1.513561e+07 105.44 56.0
1.548817e+07 99.52 64.0
1.584893e+07 101.68 54.4
1.621810e+07 100.49 55.0
1.659587e+07 102.45 80.3
1.698244e+07 100.96 41.7
1.737801e+07 100.40 77.1
1.778279e+07 97.22 69.9
1.819701e+07 96.86 39.4
1.862087e+07 97.17 56.7
1.905461e+07 101.51 58.7
1.949845e+07 100.06 48.9
1.995262e+07 99.96 64.8
2.041738e+07 100.68 59.7
2.089296e+07 100.94 59.4
2.137962e+07 98.03 61.8
2.187762e+07 97.88 56.8
2.238721e+07 96.78 52.9
2.290868e+07 95.88 38.6
2.344229e+07 97.73 46.5
2.398833e+07 98.01 45.8
2.454709e+07 97.29 64.8
2.511886e+07 96.29 40.3
2.570396e+07 95.99 53.8
2.630268e+07 94.87 43.9
2.691535e+07 94.84 56.7
2.754229e+07 95.43 34.5
2.818383e+07 95.73 56.1
2.884032e+07 97.88 39.1
2.951209e+07 95.28 51.9
3.019952e+07 95.76 48.3
3.090295e+07 94.71 47.1
3.162278e+07 96.99 27.2
3.235937e+07 95.86 60.5
3.311311e+07 96.92 44.6
3.388442e+07 96.53 41.0
3.467369e+07 95.78 24.6
3.548134e+07 96.19 32.7
3.630781e+07 93.87 38.8
3.715352e+07 93.53 40.2
3.801894e+07 94.47 35.0
3.890451e+07 97.39 36.6
3.981072e+07 92.77 27.8
4.073803e+07 94.72 18.0
4.168694e+07 95.05 27.7
4.265795e+07 94.23 21.3
4.365158e+07 94.04 32.8
4.466836e+07 94.46 13.9
4.570882e+07 94.87 22.0
4.677351e+07 91.97 19.0
4.786301e+07 93.74 24.0
4.897788e+07 93.50 10.0
5.011872e+07 94.28 15.0
5.128614e+07 92.96 2.7
5.248075e+07 91.93 16.7
5.370318e+07 93.08 10.0
5.495409e+07 93.90 10.0
5.623413e+07 92.87 6.5
5.754399e+07 92.78 17.3
5.888437e+07 92.17 6.3
6.025596e+07 92.60 0.7
6.165950e+07 92.34 9.6
6.309573e+07 92.79 6.2
6.456542e+07 92.84 1.1
6.606934e+07 92.52 -5.2
6.760830e+07 91.53 -1.4
6.918310e+07 92.53 -0.6
7.079458e+07 91.98 -5.5
7.244360e+07 92.82 -7.5
7.413102e+07 92.77 -3.5
7.585776e+07 93.26 -16.1
7.762471e+07 92.66 -8.1
7.943282e+07 92.85 -16.6
8.128305e+07 93.86 -26.8
8.317638e+07 93.35 -14.3
8.511380e+07 93.89 -18.0
8.709636e+07 92.38 -25.7
8.912509e+07 92.44 -27.9
9.120108e+07 91.79 -17.4
9.332543e+07 92.37 -26.3
9.549926e+07 92.00 -38.9
9.772372e+07 92.32 -36.7
1.000000e+08 92.87 -33.6
1.023293e+08 92.45 -40.1
1.047129e+08 92.55 -33.0
1.071519e+08 92.56 -44.7
1.096478e+08 92.59 -40.2
1.122018e+08 91.92 -42.1
1.148154e+08 93.01 -49.4
1.174898e+08 92.61 -50.8
1.202264e+08 91.71 -47.2
1.230269e+08 91.55 -58.0
1.258925e+08 93.63 -58.1
1.288250e+08 92.05 -61.4
1.318257e+08 91.91 -69.7
1.348963e+08 94.24 -71.4
1.380384e+08 92.03 -70.0
1.412538e+08 94.19 -80.9
1.445440e+08 91.21 -85.6
1.479108e+08 93.08 -85.8
1.513561e+08 92.76 -84.6
1.548817e+08 92.18 -90.1
1.584893e+08 93.64 -103.1
1.621810e+08 91.94 -102.1
1.659587e+08 92.67 -110.2
1.698244e+08 92.48 -108.3
1.737801e+08 93.29 -119.7
1.778279e+08 91.44 -124.4
1.819701e+08 92.81 -127.7
1.862087e+08 91.38 -141.4
1.905461e+08 90.71 -136.9
1.949845e+08 91.11 -166.5
1.995262e+08 91.95 -155.6
2.041738e+08 90.86 -165.4
2.089296e+08 90.93 -173.5
2.137962e+08 91.82 -175.3
2.187762e+08 89.69 176.8
2.238721e+08 89.26 175.3
2.290868e+08 88.18 162.0
2.344229e+08 87.83 151.7
2.398833e+08 86.74 143.3
2.454709e+08 86.46 134.2
2.511886e+08 85.63 125.5
2.570396e+08 84.85 117.1
2.630268e+08 83.98 108.5
2.691535e+08 83.28 98.5
2.754229e+08 82.65 87.9
2.818383e+08 81.87 77.1
2.884032e+08 81.80 63.0
2.951209e+08 81.28 53.0
3.019952e+08 80.79 40.8
3.090295e+08 80.67 26.7
3.162278e+08 80.48 12.6
3.235937e+08 80.89 1.5
3.311311e+08 81.29 -10.4
3.388442e+08 81.70 -21.6
3.467369e+08 82.02 -28.7
3.548134e+08 82.94 -42.4
3.630781e+08 83.06 -55.2
3.715352e+08 83.65 -64.2
3.801894e+08 84.75 -74.7
3.890451e+08 84.41 -85.2
3.981072e+08 85.27 -93.9
4.073803e+08 85.28 -105.6
4.168694e+08 85.14 -119.0
4.265795e+08 86.08 -126.2
4.365158e+08 86.52 -137.7
4.466836e+08 86.41 -154.8
4.570882e+08 86.98 -160.3
4.677351e+08 86.29 179.6
4.786301e+08 86.02 170.1
4.897788e+08 85.03 157.6
5.011872e+08 85.71 140.3
5.128614e+08 85.02 126.9
5.248075e+08 83.33 110.5
5.370318e+08 82.47 94.4
5.495409e+08 81.20 81.3
5.623413e+08 80.24 62.2
5.754399e+08 79.38 38.8
5.888437e+08 78.58 17.1
6.025596e+08 78.60 -7.6
6.165950e+08 78.86 -32.5
6.309573e+08 79.77 -55.5
6.456542e+08 81.09 -78.9
6.606934e+08 82.25 -96.5
6.760830e+08 83.74 -118.3
6.918310e+08 84.67 -138.3
7.079458e+08 85.58 -159.2
7.244360e+08 86.14 -179.2
7.413102e+08 87.34 159.3
7.585776e+08 86.03 137.6
7.762471e+08 87.18 118.1
7.943282e+08 86.78 96.5
8.128305e+08 85.11 79.8
8.317638e+08 84.21 53.2
8.511380e+08 83.06 31.0
8.709636e+08 81.78 1.8
8.912509e+08 81.96 -30.9
9.120108e+08 83.01 -69.6
9.332543e+08 85.40 -103.7
9.549926e+08 89.85 -141.4
9.772372e+08 91.13 -179.1
1.000000e+09 93.86 158.7
